1999121206
1999121212
1999121218
1999121300
1999121306
1999121312
1999121318
1999121400
1999121406
1999121412
1999121418
1999121500
1999121506
1999121512
1999121518
1999121600
1999121606
1999121612
1999121618
1999121700
1999121706
1999121712
1999121718
1999121800
1999121806
1999121812
1999121818
1999121900
1999121906
1999121912
1999121918
1999122000
1999122006
1999122012
1999122018
1999122100
1999122106
1999122112
1999122118
1999122200
1999122206
1999122212
1999122218
1999122300
1999122306
1999122312
1999122318
1999122400
1999122406
1999122412
1999122418
1999122500
1999122506
1999122512
1999122518
1999122600
1999122606
1999122612
1999122618
1999122700
1999122706
1999122712
1999122718
1999122800
1999122806
1999122812
1999122818
1999122900
1999122906
1999122912
1999122918
1999123000
1999123006
1999123012
1999123018
1999123100
1999123106
1999123112
1999123118
