2011032000
2011032006
2011032012
2011032018
2011032100
2011032106
2011032112
2011032118
2011032200
2011032206
2011032212
2011032218
2011032300
2011032306
2011032312
2011032318
2011032400
2011032406
2011032412
2011032418
2011032500
2011032506
2011032512
2011032518
2011032600
2011032606
2011032612
2011032618
2011032700
2011032706
2011032712
2011032718
2011032800
2011032806
2011032812
2011032818
2011032900
2011032906
2011032912
2011032918
2011033000
2011033006
2011033012
2011033018
2011033100
2011033106
2011033112
2011033118
2011040100
2011040106
2011040112
2011040118
2011040200
2011040206
2011040212
2011040218
2011040300
2011040306
2011040312
2011040318
2011040400
2011040406
2011040412
2011040418
2011040500
2011040506
2011040512
2011040518
2011040600
2011040606
2011040612
2011040618
2011040700
2011040706
2011040712
2011040718
2011040800
2011040806
2011040812
2011040818
2011040900
2011040906
2011040912
2011040918
2011041000
2011041006
2011041012
2011041018
2011041100
2011041106
2011041112
2011041118
2011041200
2011041206
2011041212
2011041218
2011041300
2011041306
2011041312
2011041318
2011041400
2011041406
2011041412
2011041418
2011041500
2011041506
2011041512
2011041518
2011041600
2011041606
2011041612
2011041618
2011041700
2011041706
2011041712
2011041718
2011041800
2011041806
2011041812
2011041818
2011041900
2011041906
2011041912
2011041918
2011042000
2011042006
2011042012
2011042018
2011042100
2011042106
2011042112
2011042118
2011042200
2011042206
2011042212
2011042218
2011042300
2011042306
2011042312
2011042318
2011042400
2011042406
2011042412
2011042418
2011042500
2011042512
2011042518
2011042600
2011042606
2011042612
2011042700
2011042706
2011042712
2011042718
2011042800
2011042806
2011042812
2011042818
2011050906
2011050912
2011050918
2011051000
2011051006
2011051012
2011051018
2011051100
2011051106
2011051112
2011051118
2011051200
2011051206
2011051212
2011051218
2011051300
2011051306
2011051312
2011051318
2011051400
2011051406
2011051412
2011051418
2011051500
2011051506
2011051512
2011051518
2011051600
2011051606
2011051612
2011051618
2011051700
2011051706
2011051712
2011051718
2011051800
2011051806
2011051812
2011051818
2011051900
2011051906
2011051912
2011051918
2011052000
2011052006
2011052012
2011052018
2011052100
2011052106
2011052112
2011052118
2011052200
2011052206
2011052212
2011052218
2011052300
2011052306
2011052312
2011052318
2011052400
2011052406
2011052412
2011052418
2011052500
2011052506
2011052512
2011052518
2011052600
2011052606
2011052612
2011052618
2011052700
2011052706
2011052712
2011052718
2011052800
2011052806
2011052812
2011052818
2011052900
2011052906
2011052912
2011052918
2011053000
2011053006
2011053012
2011053018
2011053100
2011053106
2011053112
2011053118
2011060100
2011060106
2011060112
2011060118
2011060200
2011060206
2011060212
2011060218
2011060300
2011060306
2011060312
2011060318
2011060400
2011060406
2011060412
2011060418
2011060500
2011060506
2011060512
2011060518
2011060600
2011060606
2011060612
2011060618
2011060700
2011060706
2011060712
2011060718
2011060800
2011060806
2011060812
2011060818
2011060900
2011060906
2011060912
2011060918
2011061000
2011061006
2011061012
2011061018
2011061100
2011061106
2011061112
2011061118
2011061200
2011061206
2011061212
2011061218
2011061300
2011061306
2011061312
2011061318
2011061400
2011061406
2011061412
2011061418
2011061500
2011061506
2011061512
2011061518
2011061600
2011061606
2011061612
2011061618
2011061700
2011061706
2011061712
2011061718
2011061800
2011061806
2011061812
2011061818
2011061900
2011061906
2011061912
2011061918
2011062000
2011062006
2011062012
2011062018
2011062100
2011062106
2011062112
2011062118
2011062200
2011062206
2011062212
2011062218
2011062300
2011062306
2011062312
2011062318
2011062400
2011062406
2011062412
2011062418
2011062500
2011062506
2011062512
2011062518
2011062600
2011062606
2011062612
2011062618
2011062700
2011062706
2011062712
2011062718
2011062800
2011062806
2011062812
2011062818
2011062900
2011062906
2011062912
2011062918
2011063000
2011063006
2011063012
2011063018
2011070100
2011070106
2011070112
2011070118
2011070200
2011070206
2011070212
2011070218
2011070300
2011070306
2011070312
2011070318
2011070400
2011070406
2011070412
2011070418
2011070500
2011070506
2011070512
2011070518
2011070600
2011070606
2011070612
2011070618
2011070700
2011070706
2011070712
2011070718
2011070800
2011070806
2011070812
2011070818
2011070900
2011070906
2011070912
2011070918
2011071000
2011071006
2011071012
2011071100
2011071106
