2015032000
2015032006
2015032012
2015032018
2015032100
2015032106
2015032112
2015032118
2015032200
2015032206
2015032212
2015032218
2015032300
2015032306
2015032312
2015032318
2015032400
2015032406
2015032412
2015032418
2015032500
2015032506
2015032512
2015032518
2015032600
2015032606
2015032612
2015032618
2015032700
2015032706
2015032712
2015032718
2015032800
2015032806
2015032812
2015032818
2015032900
2015032906
2015032912
2015032918
2015033000
2015033006
2015033012
2015033018
2015033100
2015033106
2015033112
2015033118
2015040100
2015040106
2015040112
2015040118
2015040200
2015040206
2015040212
2015040218
2015040300
2015040306
2015040312
2015040318
2015040400
2015040406
2015040412
2015040418
2015040500
2015040506
2015040512
2015040518
2015040600
2015040606
2015040612
2015040618
2015040700
2015040706
2015040712
2015040718
2015040800
2015040806
2015040812
2015040818
2015040900
2015040906
2015040912
2015040918
2015041000
2015041006
2015041012
2015041018
2015041100
2015041106
2015041112
2015041118
2015041200
2015041206
2015041212
2015041218
2015041300
2015041306
2015041312
2015041318
2015041400
2015041406
2015041412
2015041418
2015041500
2015041506
2015041512
2015041518
2015041600
2015041606
2015041612
2015041618
2015041700
2015041706
2015041712
2015041718
2015041800
2015041806
2015041812
2015041818
2015041900
2015041906
2015041912
2015041918
2015042000
2015042006
2015042012
2015042018
2015042100
2015042106
2015042112
2015042118
2015042200
2015042206
2015042212
2015042218
2015042300
2015042306
2015042312
2015042318
2015042400
2015042406
2015042412
2015042418
2015042500
2015042506
2015042512
2015042518
2015042600
2015042606
2015042612
2015042618
2015042700
2015042706
2015042712
2015042718
2015042800
2015042806
2015042812
2015042818
