2003010100
2003010106
2003010112
2003010118
2003010200
2003010206
2003010212
2003010218
2003010300
2003010306
2003010312
2003010318
2003010400
2003010406
2003010412
2003010418
2003010500
2003010506
2003010512
2003010518
2003010600
2003010606
2003010612
2003010618
2003010700
2003010706
2003010712
2003010718
2003010800
2003010806
2003010812
2003010818
2003010900
2003010906
2003010912
2003010918
2003011000
2003011006
2003011012
2003011018
2003011100
2003011106
2003011112
2003011118
2003011200
2003011206
2003011212
2003011218
2003011300
2003011306
2003011312
2003011318
2003011400
2003011406
2003011412
2003011418
2003011500
2003011506
2003011512
2003011518
2003011600
2003011606
2003011612
2003011618
2003011700
2003011706
2003011712
2003011718
2003011800
2003011806
2003011812
2003011818
2003011900
2003011906
2003011912
2003011918
2003012000
2003012006
2003012012
2003012018
2003012100
2003012106
2003012112
2003012118
2003012200
2003012206
2003012212
2003012218
2003012300
2003012306
2003012312
2003012318
2003012400
2003012406
2003012412
2003012418
2003012500
2003012506
2003012512
2003012518
2003012600
2003012606
2003012612
2003012618
2003012700
2003012706
2003012712
2003012718
2003012800
2003012806
2003012812
2003012818
2003012900
2003012906
2003012912
2003012918
2003013000
2003013006
2003013012
2003013018
2003013100
2003013106
2003013112
2003013118
2003020100
2003020106
2003020112
2003020118
2003020200
2003020206
2003020212
2003020218
2003020300
2003020306
2003020312
2003020318
2003020400
2003020406
2003020412
2003020418
2003020500
2003020506
2003020512
2003020518
2003020600
2003020606
2003020612
2003020618
2003020700
2003020706
2003020712
2003020718
2003020800
2003020806
2003020812
2003020818
2003020900
2003020906
2003020912
2003020918
2003021000
2003021006
2003021012
2003021018
2003021100
2003021106
2003021112
2003021118
2003021200
2003021206
2003021212
2003021218
2003021300
2003021306
2003021312
2003021318
2003021400
2003021406
2003021412
2003021418
2003021500
2003021506
2003021512
2003021518
2003021600
2003021606
2003021612
2003021618
2003021700
2003021706
2003021712
2003021718
2003021800
2003021806
2003021812
2003021818
2003021900
2003021906
2003021912
2003021918
2003022000
2003022006
2003022012
2003022018
2003022100
2003022106
2003022112
2003022118
2003022200
2003022206
2003022212
2003022218
2003022300
2003022306
2003022312
2003022318
2003022400
2003022406
2003022412
2003022418
2003022500
2003022506
2003022512
2003022518
2003022600
2003022606
2003022612
2003022618
2003022700
2003022706
2003022712
2003022718
2003022800
2003022806
2003022812
2003022818
2003030100
2003030106
2003030112
2003030118
2003030200
2003030206
2003030212
2003030218
2003030300
2003030306
2003030312
2003030318
2003030400
2003030406
2003030412
2003030418
2003030500
2003030506
2003030512
2003030518
2003030600
2003030606
2003030612
2003030618
2003030700
