2007033112
2007033118
2007040100
2007040106
2007040112
2007040118
2007040200
2007040206
2007040212
2007040218
2007040300
2007040306
2007040312
2007040318
2007040400
2007040406
2007040412
2007040418
2007040500
2007040506
2007040512
2007040518
2007040600
2007040612
2007040618
2007040700
2007040706
2007040712
2007040718
2007040800
2007040806
2007040812
2007040818
2007042300
2007042306
2007042312
2007042318
2007042400
2007042406
2007042412
2007042418
2007042500
2007042506
2007042512
2007042518
2007042600
2007042606
2007042612
2007042618
2007042700
2007042706
2007042712
2007042718
2007042800
2007042806
2007042812
2007042818
2007042900
2007042906
2007042912
2007042918
2007043000
2007043006
2007043012
2007043018
2007050100
2007050106
2007050112
2007050118
2007050200
2007050206
2007050212
2007050218
2007050300
2007050306
2007050312
2007050318
2007050400
2007050406
2007050412
2007050418
2007050500
2007050506
2007050512
2007050518
2007050600
2007050606
2007050612
2007050618
2007050700
2007050706
2007050712
2007050718
2007050800
2007050806
2007050812
2007050818
2007050900
2007050906
2007050912
2007050918
2007051000
2007051006
2007051012
2007051018
2007051100
2007051106
2007051112
2007051118
2007051200
2007051206
2007051212
2007051218
2007051300
2007051306
2007051312
2007051318
2007051400
2007051406
2007051412
2007051418
2007051500
2007051506
2007051512
2007051518
2007051600
2007051606
2007051612
2007051618
2007051700
2007051706
2007051712
2007051718
2007051800
2007051806
2007051812
2007051818
2007051900
2007051906
2007051912
2007051918
2007052000
2007052006
2007052012
2007052018
2007052100
2007052106
2007052112
2007052118
2007052200
2007052206
2007052212
2007052218
2007052300
2007052306
2007052312
2007052318
2007052400
2007052406
2007052412
2007052418
2007052500
2007052506
2007052512
2007052518
2007052600
2007052606
2007052612
2007052618
2007052700
2007052706
2007052712
2007052718
2007052800
2007052806
2007052812
2007052818
2007052900
2007052906
2007052912
2007052918
2007053000
2007053006
2007053012
2007053018
2007053100
2007053106
2007053112
2007053118
2007060100
2007060106
2007060112
2007060118
2007060200
2007060206
2007060212
2007060218
2007060300
2007060306
2007060312
2007060318
2007060400
2007060406
2007060412
2007060418
2007060500
2007060506
2007060512
2007060518
2007060600
2007060606
2007060612
2007060618
2007060700
2007060706
2007060712
2007060718
2007060800
