2003012300
2003012306
2003012312
2003012318
2003012406
2003012600
2003012606
2003012612
2003012618
2003012700
2003012706
2003012712
2003012718
2003012800
2003012806
2003012812
2003012818
2003012900
2003012906
2003012912
2003012918
2003013000
2003013006
2003013012
2003013018
2003013100
2003013106
2003013112
2003013118
2003020100
2003020106
2003020112
2003020118
2003020200
2003020206
2003020212
2003020218
2003020300
2003020306
2003020312
2003020318
2003020400
2003020406
2003020412
2003020418
2003020500
2003020506
2003020512
2003020518
2003020600
2003020606
2003020612
2003020618
2003020700
2003020706
2003020712
2003020718
2003020800
2003020806
2003020812
2003020818
2003020900
2003020906
2003020912
2003020918
2003021000
2003021006
2003021012
2003021018
2003021100
2003021106
2003021112
2003021118
2003021200
2003021206
2003021212
2003021218
2003021300
2003021306
2003021312
2003021318
2003021400
2003021406
2003021412
2003021418
2003021500
2003021506
2003021512
2003021518
2003021600
2003021606
2003021612
2003021618
2003021700
2003021706
2003021712
2003021718
2003021800
2003021806
2003021812
2003021818
2003021900
2003021906
2003021912
2003021918
2003022000
2003022006
2003022012
2003022018
2003022100
2003022106
2003022112
2003022118
2003022200
2003022206
2003022212
2003022218
2003022300
2003022306
2003022312
2003022318
2003022400
2003022406
2003022412
2003022418
2003022500
2003022506
2003022512
2003022518
2003022600
2003022606
2003022612
2003022618
2003022700
2003022706
2003022712
2003022718
2003022800
2003022806
2003022812
2003022818
2003030100
2003030106
2003030112
2003030118
2003030200
2003030206
2003030212
2003030218
2003030300
2003030306
2003030312
2003030318
2003030400
2003030406
2003030412
2003030418
2003030500
2003030506
2003030512
2003030518
2003030600
2003030606
2003030612
2003030618
2003030700
2003030706
2003030712
2003030718
2003030800
2003030806
2003030812
2003030818
2003030900
2003030906
2003030912
2003030918
2003031000
2003031006
2003031012
2003031018
2003031100
2003031106
2003031112
2003031118
2003031200
2003031206
2003031212
2003031218
2003031300
2003031306
2003031312
2003031318
2003031400
2003031406
2003031412
2003031418
2003031500
2003031506
2003031512
2003031518
2003031600
2003031606
2003031612
2003031618
2003031700
2003031706
2003031712
2003031718
2003031800
2003031806
2003031812
2003031818
2003031900
2003031906
2003031912
2003031918
2003032000
2003032006
2003032012
2003032018
2003032100
2003032106
2003032112
2003032118
2003032200
2003032206
2003032212
2003032218
2003032300
2003032306
2003032312
2003032318
2003032400
2003032406
2003032412
2003032418
2003032500
2003032506
2003032512
2003032518
2003032600
2003032606
2003032612
2003032618
2003032700
2003032706
2003032712
2003032718
2003032800
2003032806
2003032812
2003032818
2003032900
2003032906
2003032912
2003032918
2003033000
2003033006
2003033012
2003033018
2003033100
2003033106
2003033112
2003033118
2003040100
2003040106
2003040112
2003040118
2003040200
2003040206
2003040212
2003040218
2003040300
2003040306
2003040312
2003040318
2003040400
2003040406
2003040412
2003040418
2003040500
2003040506
2003040512
2003040518
2003040600
2003040606
2003040612
2003040618
2003040700
2003040706
2003040712
2003040718
2003040800
2003040806
2003040812
2003040818
2003040900
2003040906
2003040912
2003040918
2003041000
2003041006
2003041012
2003041018
2003041100
2003041106
2003041112
2003041118
2003041200
2003041206
2003041212
2003041218
2003041300
2003041306
2003041312
2003041318
2003041400
2003041406
2003041412
2003041418
2003041500
2003041506
2003041512
2003041518
2003041600
2003041606
2003041612
2003041618
2003041700
2003041706
2003041712
2003041718
2003041800
2003041806
2003041812
2003041818
2003041900
2003041906
2003041912
2003041918
2003042000
2003042006
2003042012
2003042018
2003042100
2003042106
2003042112
2003042118
2003042200
2003042206
2003042212
2003042218
2003042300
2003042306
2003042312
2003042318
2003042400
2003042406
2003042412
2003042418
2003042500
2003042506
2003042512
2003042518
2003042600
2003042606
2003042612
2003042618
2003042700
2003042706
2003042712
2003042718
2003042800
2003042806
2003042812
2003042818
2003042900
2003042906
2003042912
2003042918
2003043000
2003043006
2003043012
2003043018
2003050100
2003050106
2003050112
2003050118
2003050200
2003050206
2003050212
2003050218
2003050300
2003050306
2003050312
2003050318
2003050400
2003050406
2003050412
2003050418
2003050500
2003050506
2003050512
2003050518
2003050600
2003050606
2003050612
2003050618
2003050700
2003050706
2003050712
2003050718
2003050800
2003050806
2003050812
2003050818
2003050900
2003050906
2003050912
2003050918
2003051000
2003051006
2003051012
2003051018
2003051100
2003051106
2003051112
2003051118
2003051200
2003051206
2003051212
2003051218
2003051300
2003051306
2003051312
2003051318
2003051400
2003051406
2003051412
2003051418
2003051500
2003051506
2003051512
2003051518
2003051600
2003051606
2003051612
2003051618
2003051700
2003051706
2003051712
2003051718
2003051800
2003051806
2003051812
2003051818
2003051900
2003051906
2003051912
2003051918
2003052000
2003052006
2003052012
2003052018
2003052100
2003052106
2003052112
2003052118
2003052200
2003052206
2003052212
2003052218
2003052300
2003052306
2003052312
2003052318
2003052400
2003052406
2003052412
2003052418
2003052500
2003052506
2003052512
2003052518
2003052600
2003052606
2003052612
2003052618
2003052700
2003052706
2003052712
2003052718
2003052800
2003052806
2003052812
2003052818
2003052900
2003052906
2003052912
2003052918
2003053000
2003053006
2003053012
2003053018
2003053100
2003053106
2003053112
2003053118
2003060100
2003060106
2003060112
2003060118
2003060200
2003060206
2003060212
2003060218
2003060300
2003060306
2003060312
2003060318
2003060400
2003060406
2003060412
2003060418
2003060500
2003060506
2003060512
2003060518
2003060600
2003060606
2003060612
2003060618
2003060700
2003060706
2003060712
2003060718
2003060800
2003060806
2003060812
2003060818
2003060900
2003060906
2003060912
2003060918
2003061000
2003061006
2003061012
2003061018
2003061100
2003061106
2003061112
2003061118
2003061200
2003061206
2003061212
2003061218
2003061300
2003061306
2003061312
2003061318
2003061400
2003061406
2003061412
2003061418
2003061500
2003061506
2003061512
2003061518
2003061600
2003061606
2003061612
2003061618
2003061700
2003061706
2003061712
2003061718
2003061800
2003061806
2003061812
2003061818
2003061900
2003061906
2003061912
2003061918
2003062000
2003062006
2003062012
2003062018
2003062100
2003062106
2003062112
2003062118
2003062200
2003062206
2003062212
2003062218
2003062300
2003062306
2003062312
2003062318
2003062400
2003062406
2003062412
2003062418
2003062500
2003062506
2003062512
2003062518
2003062600
2003062606
2003062612
2003062618
2003062700
2003062706
2003062712
2003062718
2003062800
2003062806
2003062812
2003062818
2003062900
2003062906
2003062912
2003062918
2003063000
2003063006
2003063012
2003063018
2003070100
2003070106
2003070112
2003070118
2003070200
2003070206
2003070212
2003070218
2003070300
2003070306
2003070312
2003070318
2003070400
2003070406
2003070412
2003070418
2003070500
2003070506
2003070512
2003070518
2003070600
2003070606
2003070612
2003070618
2003070700
2003070706
2003070712
2003070718
2003070800
2003070806
2003070812
2003070818
2003070900
2003070906
2003070912
2003070918
2003071000
2003071006
2003071012
2003071018
2003071100
2003071106
2003071112
2003071118
2003071200
2003071206
2003071212
2003071218
2003071300
2003071306
2003071312
2003071318
2003071400
2003071406
2003071412
2003071418
2003071500
2003071506
2003071512
2003071518
2003071600
2003071606
2003071612
2003071618
2003071700
2003071706
2003071712
2003071718
2003071800
2003071806
2003071812
2003071818
2003071900
2003071906
2003071912
2003071918
2003072000
2003072006
2003072012
2003072018
2003072100
2003072106
2003072112
2003072118
2003072200
2003072206
2003072212
2003072218
2003072300
2003072306
2003072312
2003072318
2003072400
2003072406
2003072412
2003072418
2003072500
2003072506
2003072512
2003072518
2003072600
2003072606
2003072612
2003072618
2003072700
2003072706
2003072712
2003072718
2003072800
2003072806
2003072812
2003072818
2003072900
2003072906
2003072912
2003072918
2003073000
2003073006
2003073012
2003073018
2003073100
2003073106
2003073112
2003073118
2003080100
2003080106
2003080112
2003080118
2003080200
2003080206
2003080212
2003080218
2003080300
2003080306
2003080312
2003080318
2003080400
2003080406
2003080412
2003080418
2003080500
2003080506
2003080512
2003080518
2003080600
2003080606
2003080612
2003080618
2003080700
2003080706
2003080712
2003080718
2003080800
2003080806
2003080812
2003080818
2003080900
2003080906
2003080912
2003080918
2003081000
2003081006
2003081012
2003081018
2003081100
2003081106
2003081112
2003081118
2003081200
2003081206
2003081212
2003081218
2003081300
2003081306
2003081312
2003081318
2003081400
2003081406
2003081412
2003081418
2003081500
2003081506
2003081512
2003081518
2003081600
2003081606
2003081612
2003081618
2003081700
2003081706
2003081712
2003081718
2003081800
2003081806
2003081812
2003081818
2003081900
2003081906
2003081912
2003081918
2003082000
2003082006
2003082012
2003082018
2003082100
2003082106
2003082112
2003082118
2003082200
2003082206
2003082212
2003082218
2003082300
2003082306
2003082312
2003082318
2003082400
2003082406
2003082412
2003082418
2003082500
2003082506
2003082512
2003082518
2003082600
2003082606
2003082612
2003082618
2003082700
2003082706
2003082712
2003082718
2003082800
2003082806
2003082812
2003082818
2003082900
2003082906
2003082912
2003082918
2003083000
2003083006
2003083012
2003083018
2003083100
2003083106
2003083112
2003083118
2003090100
2003090106
2003090112
2003090118
2003090200
2003090206
2003090212
2003090218
2003090300
2003090306
2003090312
2003090318
2003090400
2003090406
2003090412
2003090418
2003090500
2003090506
2003090512
2003090518
2003090600
2003090606
2003090612
2003090618
2003090700
2003090706
2003090712
2003090718
2003090800
2003090806
2003090812
2003090818
2003090900
2003090906
2003090912
2003090918
2003091000
2003091006
2003091012
2003091018
2003091100
2003091106
2003091112
2003091118
2003091200
2003091206
2003091212
2003091218
2003091300
2003091306
2003091312
2003091318
2003091400
2003091406
2003091412
2003091418
2003091500
2003091506
2003091512
2003091518
2003091600
2003091606
2003091612
2003091618
2003091700
2003091706
2003091712
2003091718
2003091800
2003091806
2003091812
2003091818
2003091900
2003091906
2003091912
2003091918
2003092000
2003092006
2003092012
2003092018
2003092100
2003092106
2003092112
2003092118
2003092200
2003092206
2003092212
2003092218
2003092300
2003092306
2003092312
2003092318
2003092400
2003092406
2003092412
2003092418
2003092500
2003092506
2003092512
2003092518
2003092600
2003092606
2003092612
2003092618
2003092700
2003092706
2003092712
2003092718
2003092800
2003092806
2003092812
2003092818
2003092900
2003092906
2003092912
2003092918
2003093000
2003093006
2003093012
2003093018
2003100100
2003100106
2003100112
2003100118
2003100200
2003100206
2003100212
2003100218
2003100300
2003100306
2003100312
2003100318
2003100400
2003100406
2003100412
2003100418
2003100500
2003100506
2003100512
2003100518
2003100600
2003100606
2003100612
2003100618
2003100700
2003100706
2003100712
2003100718
2003100800
2003100806
2003100812
2003100818
2003100900
2003100906
2003100912
2003100918
2003101000
2003101006
2003101012
2003101018
2003101100
2003101106
2003101112
2003101118
2003101200
2003101206
2003101212
2003101218
2003101300
2003101306
2003101312
2003101318
2003101400
2003101406
2003101412
2003101418
2003101500
2003101506
2003101512
2003101518
2003101600
2003101606
2003101612
2003101618
2003101700
2003101706
2003101712
2003101718
2003101800
2003101806
2003101812
2003101818
2003101900
2003101906
2003101912
2003101918
2003102000
2003102006
2003102012
2003102018
2003102100
2003102106
2003102112
2003102118
2003102200
2003102206
2003102212
2003102218
2003102300
2003102306
2003102312
2003102318
2003102400
2003102406
2003102412
2003102418
2003102500
2003102506
2003102512
2003102518
2003102600
2003102606
2003102612
2003102618
2003102700
2003102706
2003102712
2003102718
2003102800
2003102806
2003102812
2003102818
2003102900
2003102906
2003102912
2003102918
2003103000
2003103006
2003103012
2003103018
2003103100
2003103106
2003103112
2003103118
2003110100
2003110106
2003110112
2003110118
2003110200
2003110206
2003110212
2003110218
2003110300
2003110306
2003110312
2003110318
2003110400
2003110406
2003110412
2003110418
2003110500
2003110506
2003110512
2003110518
2003110600
2003110606
2003110612
2003110618
2003110700
2003110706
2003110712
2003110718
2003110800
2003110806
2003110812
2003110818
2003110900
2003110906
2003110912
2003110918
2003111000
2003111006
2003111012
2003111018
2003111100
2003111106
2003111112
2003111118
2003111200
2003111206
2003111212
2003111218
2003111300
2003111306
2003111312
2003111318
2003111400
2003111406
2003111412
2003111418
2003111500
2003111506
2003111512
2003111518
2003111600
2003111606
2003111612
2003111618
2003111700
2003111706
2003111712
2003111718
2003111800
2003111806
2003111812
2003111818
2003111900
2003111906
2003111912
2003111918
2003112000
2003112006
2003112012
2003112018
2003112100
2003112106
2003112112
2003112118
2003112200
2003112206
2003112212
2003112218
2003112300
2003112306
2003112312
2003112318
2003112400
2003112406
2003112412
2003112418
2003112500
2003112506
2003112512
2003112518
2003112600
2003112606
2003112612
2003112618
2003112700
2003112706
2003112712
2003112718
2003112800
2003112806
2003112812
2003112818
2003112900
2003112906
2003112912
2003112918
2003113000
2003113006
2003113012
2003113018
2003120100
2003120106
2003120112
2003120118
2003120200
2003120206
2003120212
2003120218
2003120300
2003120306
2003120312
2003120318
2003120400
2003120406
2003120412
2003120418
2003120500
2003120506
2003120512
2003120518
2003120600
2003120606
2003120612
2003120618
2003120700
2003120706
2003120712
2003120718
2003120800
2003120806
2003120812
2003120818
2003120900
2003120906
2003120912
2003120918
2003121000
2003121006
2003121012
2003121018
2003121100
2003121106
2003121112
2003121118
2003121200
2003121206
2003121212
2003121218
2003121300
2003121306
2003121312
2003121318
2003121400
2003121406
2003121412
2003121418
2003121500
2003121506
2003121512
2003121518
2003121600
2003121606
2003121612
2003121618
2003121700
2003121706
2003121712
2003121718
2003121800
2003121806
2003121812
2003121818
2003121900
2003121906
2003121912
2003121918
2003122000
2003122006
2003122012
2003122018
2003122100
2003122106
2003122112
2003122118
2003122200
2003122206
2003122212
2003122218
2003122300
2003122306
2003122312
2003122318
2003122400
