2007010100
2007010106
2007010112
2007010118
2007010200
2007010206
2007010212
2007010218
2007010300
2007010306
2007010312
2007010318
2007010400
2007010406
2007010412
2007010418
2007010500
2007010506
2007010512
2007010518
2007010600
2007010606
2007010612
2007010618
2007010700
2007010706
2007010712
2007010718
2007010800
2007010806
2007010812
2007010818
2007010900
2007010906
2007010912
2007010918
2007011000
2007011006
2007011012
2007011018
2007011100
2007011106
2007011112
2007011118
2007011200
2007011206
2007011212
2007011218
2007011300
2007011306
2007011312
2007011318
2007011400
2007011406
2007011412
2007011418
2007011500
2007011506
2007011512
2007011518
2007011600
2007011606
2007011612
2007011618
2007011700
2007011706
2007011712
2007011718
2007011800
2007011806
2007011812
2007011818
2007011900
2007011906
2007011912
2007011918
2007012000
2007012006
2007012012
2007012018
2007012100
2007012106
2007012112
2007012118
2007012200
2007012206
2007012212
2007012218
2007012300
2007012306
2007012312
2007012318
2007012400
2007012406
2007012412
2007012418
2007012500
2007012506
2007012512
2007012518
2007012600
2007012606
2007012612
2007012618
2007012700
2007012706
2007012712
2007012718
2007012800
2007012806
2007012812
2007012818
2007012900
2007012906
2007012912
2007012918
2007013000
2007013006
2007013012
2007013018
2007013100
2007013106
2007013112
2007013118
2007020100
2007020106
2007020112
2007020118
2007020200
2007020206
2007020212
2007020218
2007020300
2007020306
2007020312
2007020318
2007020400
2007020406
2007020412
2007020418
2007020500
2007020506
2007020512
2007020518
2007020600
2007020606
2007020612
2007020618
2007020700
2007020706
2007020712
2007020718
2007020800
2007020806
2007020812
2007020818
2007020900
2007020906
2007020912
2007020918
2007021000
2007021006
2007021012
2007021018
2007021100
2007021106
2007021112
2007021118
2007021200
2007021206
2007021212
2007021218
2007021300
2007021306
2007021312
2007021318
2007021400
2007021406
2007021412
2007021418
2007021500
2007021506
2007021512
2007021518
2007021600
2007021606
2007021612
2007021618
2007021700
2007021706
2007021712
2007021718
2007021800
2007021806
2007021812
2007021818
2007021900
2007021906
2007021912
2007021918
2007022000
2007022006
2007022012
2007022018
2007022100
2007022100
2007022106
2007022112
2007022118
2007022200
2007022206
2007022212
2007022218
2007022300
2007022306
2007022312
2007022318
2007022400
2007022406
2007022412
2007022418
2007022500
2007022506
2007022512
2007022518
2007022600
2007022606
2007022612
2007022618
2007022700
2007022706
2007022712
2007022718
2007022800
2007022806
2007022812
2007022818
2007030100
2007030106
2007030112
2007030118
2007030200
2007030206
2007030212
2007030218
2007030300
2007030306
2007030312
2007030318
2007030400
2007030406
2007030412
2007030418
2007030500
2007030506
2007030512
2007030518
2007030600
2007030606
2007030612
2007030618
2007030700
2007030706
2007030712
