2011010100
2011010106
2011010112
2011010118
2011010200
2011010206
2011010212
2011010218
2011010300
2011010306
2011010312
2011010318
2011010400
2011010406
2011010412
2011010418
2011010500
2011010506
2011010512
2011010518
2011010600
2011010606
2011010612
2011010618
2011010700
2011010706
2011010712
2011010718
2011010800
2011010806
2011010812
2011010818
2011010900
2011010906
2011010912
2011010918
2011011000
2011011006
2011011012
2011011018
2011011100
2011011106
2011011112
2011011118
2011011200
2011011206
2011011212
2011011218
2011011300
2011011306
2011011312
2011011318
2011011400
2011011406
2011011412
2011011418
2011011500
2011011506
2011011512
2011011518
2011011600
2011011606
2011011612
2011011618
2011011700
2011011706
2011011712
2011011718
2011011800
2011011806
2011011812
2011011818
2011011900
2011011906
2011011912
2011011918
2011012000
2011012006
2011012012
2011012018
2011012100
2011012106
2011012112
2011012118
2011012200
2011012206
2011012212
2011012218
2011012300
2011012306
2011012312
2011012318
2011012400
2011012406
2011012412
2011012418
2011012500
2011012506
2011012512
2011012518
2011012600
2011012606
2011012612
2011012618
2011012700
2011012706
2011012712
2011012718
2011012800
2011012806
2011012812
2011012818
2011012900
2011012906
2011012912
2011012918
2011013000
2011013006
2011013012
2011013018
2011013100
2011013106
2011013112
2011013118
2011020100
2011020106
2011020112
2011020118
2011020200
2011020206
2011020212
2011020218
2011020300
2011020306
2011020312
2011020318
2011020400
2011020406
2011020412
2011020418
2011020500
2011020506
2011020512
2011020518
2011020600
2011020606
2011020612
2011020618
2011020700
2011020706
2011020712
2011020718
2011020800
2011020806
2011020812
2011020818
2011020900
2011020906
2011020912
2011020918
2011021000
2011021006
2011021012
2011021018
2011021100
2011021106
2011021112
2011021118
2011021200
2011021206
2011021212
2011021218
2011021300
2011021306
2011021312
2011021318
2011021400
2011021406
2011021412
2011021418
2011021500
2011021506
2011021512
2011021518
2011021600
2011021606
2011021612
2011021618
2011021700
2011021706
2011021712
2011021718
2011021800
2011021806
2011021812
2011021818
2011021900
2011021906
2011021912
2011021918
2011022000
2011022006
2011022012
2011022018
2011022100
2011022106
2011022112
2011022118
2011022200
2011022206
2011022212
2011022218
2011022300
2011022306
2011022312
2011022318
2011022400
2011022406
2011022412
2011022418
2011022500
2011022506
2011022512
2011022518
2011022600
2011022606
2011022612
2011022618
2011022700
2011022706
2011022712
2011022718
2011022800
2011022806
2011022812
2011022818
2011030100
2011030106
2011030112
2011030118
2011030200
2011030206
2011030212
2011030218
2011030300
2011030306
2011030312
2011030318
2011030400
2011030406
2011030412
2011030418
2011030500
2011030506
2011030512
2011030518
2011030600
2011030606
2011030612
2011030618
2011030700
2011030706
2011030712
2011030718
2011030800
2011030806
2011030812
2011030818
2011030900
2011030906
2011030912
2011030918
2011031000
2011031006
2011031012
2011031018
2011031100
2011031106
2011031112
2011031118
2011031200
2011031206
2011031212
2011031218
2011031300
2011031306
2011031312
2011031318
2011031400
2011031406
2011031412
2011031418
2011031500
2011031506
2011031512
2011031518
2011031600
2011031606
2011031612
2011031618
2011031700
2011031706
2011031712
2011031718
2011031800
2011031806
2011031812
2011031818
2011031900
2011031906
2011031912
2011031918
2011032000
2011032006
2011032012
2011032018
2011032100
2011032106
2011032112
2011032118
2011032200
2011032206
2011032212
2011032218
2011032300
2011032306
2011032312
2011032318
2011032400
2011032406
2011032412
2011032418
2011032500
2011032506
2011032512
2011032518
2011032600
2011032606
2011032612
2011032618
2011032700
2011032706
2011032712
2011032718
2011032800
2011032806
2011032812
2011032818
2011032900
2011032906
2011032912
2011032918
2011033000
2011033006
2011033012
2011033018
2011033100
2011033106
2011033112
2011033118
2011040100
2011040106
2011040112
2011040118
2011040200
2011040206
2011040212
2011040218
2011040300
2011040306
2011040312
2011040318
2011040400
2011040406
2011040412
2011040418
2011040500
2011040506
2011040512
2011040518
2011040600
2011040606
2011040612
2011040618
2011040700
2011040706
2011040712
2011040718
2011040800
2011040806
2011040812
2011040818
2011040900
2011040906
2011040912
2011040918
2011041000
2011041006
2011041012
2011041018
2011041100
2011041106
2011041112
2011041118
2011041200
2011041206
2011041212
2011041218
2011041300
2011041306
2011041312
2011041318
2011041400
2011041406
2011041412
2011041418
2011041500
2011041506
2011041512
2011041518
2011041600
2011041606
2011041612
2011041618
2011041700
2011041706
2011041712
2011041718
2011041800
2011041806
2011041812
2011041818
2011041900
2011041906
2011041912
2011041918
2011042000
2011042006
2011042012
2011042018
2011042100
2011042106
2011042112
2011042118
2011042200
2011042206
2011042212
2011042218
2011042300
2011042306
2011042312
2011042318
2011042400
2011042406
2011042412
2011042418
2011042500
2011042506
2011042512
2011042518
2011042600
2011042606
2011042612
2011042618
2011042700
2011042706
2011042712
2011042718
2011042800
2011042806
2011042812
2011042818
2011042900
2011042906
2011042912
2011042918
2011043000
2011043006
2011043012
2011043018
2011050100
2011050106
2011050112
2011050118
2011050200
2011050206
2011050212
2011050218
2011050300
2011050306
2011050312
2011050318
2011050400
2011050406
2011050412
2011050418
2011050500
2011050506
2011050512
2011050518
2011050600
2011050606
2011050612
2011050618
2011050700
2011050706
2011050712
2011050718
2011050800
2011050806
2011050812
2011050818
2011050900
2011050906
2011050912
2011050918
2011051000
2011051006
2011051012
2011051018
2011051100
2011051106
2011051112
2011051118
2011051200
2011051206
2011051212
2011051218
2011051300
2011051306
2011051312
2011051318
2011051400
2011051406
2011051412
2011051418
2011051500
2011051506
2011051512
2011051518
2011051600
2011051606
2011051612
2011051618
2011051700
2011051706
2011051712
2011051718
2011051800
2011051806
2011051812
2011051818
2011051900
2011051906
2011051912
2011051918
2011052000
2011052006
2011052012
2011052018
2011052100
2011052106
2011052112
2011052118
2011052200
2011052206
2011052212
2011052218
2011052300
2011052306
2011052312
2011052318
2011052400
2011052406
2011052412
2011052418
2011052500
2011052506
2011052512
2011052518
2011052600
2011052606
2011052612
2011052618
2011052700
2011052706
2011052712
2011052718
2011052800
2011052806
2011052812
2011052818
2011052900
2011052906
2011052912
2011052918
2011053000
2011053006
2011053012
2011053018
2011053100
2011053106
2011053112
2011053118
2011060100
2011060106
2011060112
2011060118
2011060200
2011060206
2011060212
2011060218
2011060300
2011060306
2011060312
2011060318
2011060400
2011060406
2011060412
2011060418
2011060500
2011060506
2011060512
2011060518
2011060600
2011060606
2011060612
2011060618
2011060700
2011060706
2011060712
2011060718
2011060800
2011060806
2011060812
2011060818
2011060900
2011060906
2011060912
2011060918
2011061000
