2015010100
2015010106
2015010112
2015010118
2015010200
2015010206
2015010212
2015010218
2015010300
2015010306
2015010312
2015010318
2015010400
2015010406
2015010412
2015010418
2015010500
2015010506
2015010512
2015010518
2015010600
2015010606
2015010612
2015010618
2015010700
2015010706
2015010712
2015010718
2015010800
2015010806
2015010812
2015010818
2015010900
2015010906
2015010912
2015010918
2015011000
2015011006
2015011012
2015011018
2015011100
2015011106
2015011112
2015011118
2015011200
2015011206
2015011212
2015011218
2015011300
2015011306
2015011312
2015011318
2015011400
2015011406
2015011412
2015011418
2015011500
2015011506
2015011512
2015011518
2015011600
2015011606
2015011612
2015011618
2015011700
2015011706
2015011712
2015011718
2015011800
2015011806
2015011812
2015011818
2015011900
2015011906
2015011912
2015011918
2015012000
2015012006
2015012012
2015012018
2015012100
2015012106
2015012112
2015012118
2015012200
2015012206
2015012212
2015012218
2015012300
2015012306
2015012312
2015012318
2015012400
2015012406
2015012412
2015012418
2015012500
2015012506
2015012512
2015012518
2015012600
2015012606
2015012612
2015012618
2015012700
2015012706
2015012712
2015012718
2015012800
2015012806
2015012812
2015012818
2015012900
2015012906
2015012912
2015012918
2015013000
2015013006
2015013012
2015013018
2015013100
2015013106
2015013112
2015013118
2015020100
2015020106
2015020112
2015020118
2015020200
2015020206
2015020212
2015020218
2015020300
2015020306
2015020312
2015020318
2015020400
2015020406
2015020412
2015020418
2015020500
2015020506
2015020512
2015020518
2015020600
2015020606
2015020612
2015020618
2015020700
2015020706
2015020712
2015020718
2015020800
2015020806
2015020812
2015020818
2015020900
2015020906
2015020912
2015020918
2015021000
2015021006
2015021012
2015021018
2015021100
2015021106
2015021112
2015021118
2015021200
2015021206
2015021212
2015021218
2015021300
2015021306
2015021312
2015021318
2015021400
2015021406
2015021412
2015021418
2015021500
2015021506
2015021512
2015021518
2015021600
2015021606
2015021612
2015021618
2015021700
2015021706
2015021712
2015021718
2015021800
2015021806
2015021812
2015021818
2015021900
2015021906
2015021912
2015021918
2015022000
2015022006
2015022012
2015022018
2015022100
2015022106
2015022112
2015022118
2015022200
2015022206
2015022212
2015022218
2015022300
2015022306
2015022312
2015022318
2015022400
2015022406
2015022412
2015022418
2015022500
2015022506
2015022512
2015022518
2015022600
2015022606
2015022612
2015022618
2015022700
2015022706
2015022712
2015022718
2015022800
2015022806
2015022812
2015022818
2015030100
2015030106
2015030112
2015030118
2015030200
2015030206
2015030212
2015030218
2015030300
2015030306
2015030312
2015030318
2015030400
2015030406
2015030412
2015030418
2015030500
2015030506
2015030512
2015030518
2015030600
2015030606
2015030612
2015030618
2015030700
2015030706
2015030712
2015030718
2015030800
2015030806
2015030812
2015030818
2015030900
2015030906
2015030912
2015030918
2015031000
2015031006
2015031012
2015031018
2015031100
2015031106
2015031112
2015031118
2015031200
2015031206
2015031212
2015031218
2015031300
2015031306
2015031312
2015031318
2015031400
2015031406
2015031412
2015031418
2015031500
2015031506
2015031512
2015031518
2015031600
2015031606
2015031612
2015031618
2015031700
2015031706
2015031712
2015031718
2015031800
2015031806
2015031812
2015031818
2015031900
2015031906
2015031912
2015031918
2015032000
2015032006
2015032012
2015032018
2015032100
2015032106
2015032112
2015032118
2015032200
2015032206
2015032212
2015032218
2015032300
2015032306
2015032312
2015032318
2015032400
2015032406
2015032412
2015032418
2015032500
2015032506
2015032512
2015032518
2015032600
2015032606
2015032612
2015032618
2015032700
2015032706
2015032712
2015032718
2015032800
2015032806
2015032812
2015032818
2015032900
2015032906
2015032912
2015032918
2015033000
2015033006
2015033012
2015033018
2015033100
2015033106
2015033112
2015033118
2015040100
2015040106
2015040112
2015040118
2015040200
2015040206
2015040212
2015040218
2015040300
2015040306
2015040312
2015040318
2015040400
2015040406
2015040412
2015040418
2015040500
2015040506
2015040512
2015040518
2015040600
2015040606
2015040612
2015040618
2015040700
2015040706
2015040712
2015040718
2015040800
2015040806
2015040812
2015040818
2015040900
2015040906
2015040912
2015040918
2015041000
2015041006
2015041012
2015041018
2015041100
2015041106
2015041112
2015041118
2015041200
2015041206
2015041212
2015041218
2015041300
2015041306
2015041312
2015041318
2015041400
2015041406
2015041412
2015041418
2015041500
2015041506
2015041512
2015041518
2015041600
2015041606
2015041612
2015041618
2015041700
2015041706
2015041712
2015041718
2015041800
2015041806
2015041812
2015041818
2015041900
2015041906
2015041912
2015041918
2015042000
2015042006
2015042012
2015042018
2015042100
2015042106
2015042112
2015042118
2015042200
2015042206
2015042212
2015042218
2015042300
2015042306
2015042312
2015042318
2015042400
2015042406
2015042412
2015042418
2015042500
2015042506
2015042512
2015042518
2015042600
2015042606
2015042612
2015042618
2015042700
2015042706
2015042712
2015042718
2015042800
2015042806
2015042812
2015042818
2015042900
2015042906
2015042912
2015042918
2015043000
2015043006
2015043012
2015043018
2015050100
2015050106
2015050112
2015050118
2015050200
2015050206
2015050212
2015050218
2015050300
2015050306
2015050312
2015050318
2015050400
2015050406
2015050412
2015050418
2015050500
2015050506
2015050512
2015050518
2015050600
2015050606
2015050612
2015050618
2015050700
2015050706
2015050712
2015050718
2015050800
2015050806
2015050812
2015050818
2015050900
2015050906
2015050912
2015050918
2015051000
2015051006
2015051012
2015051018
2015051100
2015051106
2015051112
2015051118
2015051200
2015051206
2015051212
2015051218
2015051300
2015051306
2015051312
2015051318
2015051400
2015051406
2015051412
2015051418
2015051500
2015051506
2015051512
2015051518
2015051600
2015051606
2015051612
2015051618
2015051700
2015051706
2015051712
2015051718
2015051800
2015051806
2015051812
2015051818
2015051900
2015051906
2015051912
2015051918
2015052000
2015052006
2015052012
2015052018
2015052100
2015052106
2015052112
2015052118
2015052200
2015052206
2015052212
2015052218
2015052300
2015052306
2015052312
2015052318
2015052400
2015052406
2015052412
2015052418
2015052500
2015052506
2015052512
2015052518
2015052600
2015052606
2015052612
2015052618
2015052700
2015052706
2015052712
2015052718
2015052800
2015052806
2015052812
2015052818
2015052900
2015052906
2015052912
2015052918
2015053000
2015053006
2015053012
2015053018
2015053100
2015053106
2015053112
2015053118
2015060100
2015060106
2015060112
2015060118
2015060200
2015060206
2015060212
2015060218
2015060300
2015060306
2015060312
2015060318
2015060400
2015060406
2015060412
2015060418
2015060500
2015060506
2015060512
2015060518
2015060600
2015060606
2015060612
2015060618
2015060700
2015060706
2015060712
2015060718
2015060800
2015060806
2015060812
2015060818
2015060900
2015060906
2015060912
2015060918
2015061000
2015061006
2015061012
2015061018
2015061100
2015061106
2015061112
2015061118
2015061200
2015061206
2015061212
2015061218
2015061300
2015061306
2015061312
2015061318
2015061400
2015061406
2015061412
2015061418
2015061500
2015061506
2015061512
2015061518
2015061600
2015061606
2015061612
2015061618
2015061700
2015061706
2015061712
2015061718
2015061800
2015061806
2015061812
2015061818
2015061900
2015061906
2015061912
2015061918
2015062000
2015062006
2015062012
2015062018
2015062100
2015062106
2015062112
2015062118
2015062200
2015062206
2015062212
2015062218
2015062300
2015062306
2015062312
2015062318
2015062400
2015062406
2015062412
2015062418
2015062500
2015062506
2015062512
2015062518
2015062600
2015062606
2015062612
2015062618
2015062700
2015062706
2015062712
2015062718
2015062800
2015062806
2015062812
2015062818
2015062900
2015062906
2015062912
2015062918
2015063000
2015063006
2015063012
2015063018
2015070100
2015070106
2015070106.tar
2015070112
2015070118
2015070118.ref
2015070200
2015070200.ref
2015070206
2015070206.ref
2015070212
2015070218
2015070300
2015070306
2015070312
2015070318
2015070400
2015070406
2015070412
2015070418
2015070500
2015070506
2015070512
2015070518
2015070600
2015070606
2015070612
2015070618
2015070700
2015070706
2015070712
2015070718
2015070800
2015070806
2015070812
2015070818
2015070900
2015070906
2015070912
2015070918
2015071000
2015071006
2015071012
2015071018
2015071100
2015071106
2015071112
2015071118
2015071200
2015071206
2015071212
2015071218
2015071300
2015071306
