1999010106
1999010112
1999010118
1999010200
1999010206
1999010212
1999010218
1999010300
1999010306
1999010312
1999010318
1999010400
1999010406
1999010412
1999010418
1999010500
1999010506
1999010512
1999010518
1999010600
1999010606
1999010612
1999010618
1999010700
1999010706
1999010712
1999010718
1999010800
1999010806
1999010812
1999010818
1999010900
1999010906
1999010912
1999010918
1999011000
1999011006
1999011012
1999011018
1999011100
1999011106
1999011112
1999011118
1999011200
1999011206
1999011212
1999011218
1999011300
1999011306
1999011312
1999011318
1999011400
1999011406
1999011412
1999011418
1999011500
1999011506
1999011512
1999011518
1999011600
1999011606
1999011612
1999011618
1999011700
1999011706
1999011712
1999011718
1999011800
1999011812
1999011818
1999011900
1999011906
1999011912
1999011918
1999012000
1999012006
1999012012
1999012018
1999012100
1999012106
1999012112
1999012118
1999012200
1999012206
1999012212
1999012218
1999012300
1999012306
1999012312
1999012318
1999012400
1999012406
1999012412
1999012418
1999012500
1999012506
1999012512
1999012518
1999012600
1999012606
1999012612
1999012618
1999012700
1999012706
1999012712
1999012718
1999012800
1999012806
1999012812
1999012818
1999012900
1999012906
1999012912
1999012918
1999013000
1999013006
1999013012
1999013018
1999013100
1999013106
1999013112
1999013118
1999020100
1999020106
1999020112
1999020118
1999020200
1999020206
1999020212
1999020218
1999020300
1999020306
1999020312
1999020318
1999020400
1999020406
1999020412
1999020418
1999020500
1999020506
1999020512
1999020518
1999020600
1999020612
1999020618
1999020700
1999020706
1999020712
1999020718
1999020800
1999020806
1999020812
1999020818
1999020900
1999020906
1999020912
1999020918
1999021000
1999021006
1999021012
1999021018
1999021100
1999021106
1999021112
1999021118
1999021200
1999021206
1999021212
1999021218
1999021300
1999021306
1999021312
1999021318
1999021400
1999021406
1999021412
1999021418
1999021500
1999021506
1999021512
1999021518
1999021600
1999021606
1999021612
1999021618
1999021700
1999021706
1999021712
1999021718
1999021800
1999021806
1999021812
1999021818
1999021900
1999021906
1999021912
1999021918
1999022000
1999022006
1999022012
1999022018
1999022100
1999022106
1999022112
1999022118
1999022200
1999022206
1999022212
1999022218
1999022300
1999022306
1999022312
1999022318
1999022400
1999022406
1999022412
1999022418
1999022500
1999022506
1999022512
1999022518
1999022600
1999022606
1999022612
1999022618
1999022700
1999022706
1999022712
1999022718
1999022800
1999022806
1999022812
1999022818
1999030100
1999030106
1999030112
1999030118
1999030200
1999030206
1999030212
1999030218
1999030300
1999030306
1999030312
1999030318
1999030400
1999030406
1999030412
1999030418
1999030500
1999030506
1999030512
1999030518
1999030600
1999030606
1999030612
1999030618
1999030700
1999030706
1999030712
1999030718
1999030800
1999030806
1999030812
1999030818
1999030900
1999030906
1999030912
1999030918
1999031000
1999031006
1999031012
1999031018
1999031100
1999031106
1999031112
1999031118
1999031200
1999031206
1999031212
1999031218
1999031300
1999031306
1999031312
1999031318
1999031400
1999031406
1999031412
1999031418
1999031500
1999031506
1999031512
1999031518
1999031600
1999031606
1999031612
1999031618
1999031700
1999031706
1999031712
1999031718
1999031800
1999031806
1999031812
1999031818
1999031900
1999031906
1999031912
1999031918
1999032000
1999032006
1999032012
1999032018
1999032100
1999032106
1999032112
1999032118
1999032200
1999032206
1999032212
1999032218
1999032300
1999032306
1999032312
1999032318
1999032400
1999032406
1999032412
1999032418
1999032500
1999032506
1999032512
1999032518
1999032600
1999032606
1999032612
1999032618
1999032700
1999032706
1999032712
1999032718
1999032800
1999032806
1999032812
1999032818
1999032900
1999032906
1999032912
1999032918
1999033000
1999033006
1999033012
1999033018
1999033100
1999033106
1999033112
1999033118
1999040100
1999040106
1999040112
1999040118
1999040200
1999040206
1999040212
1999040218
1999040300
1999040306
1999040312
1999040318
1999040400
1999040406
1999040412
1999040418
1999040500
1999040506
1999040512
1999040518
1999040600
1999040606
1999040612
1999040618
1999040700
1999040706
1999040712
1999040718
1999040800
1999040806
1999040812
1999040818
1999040900
1999040906
1999040912
1999040918
1999041000
1999041006
1999041012
1999041018
1999041100
1999041106
1999041112
1999041118
1999041200
1999041206
1999041212
1999041218
1999041300
1999041306
1999041312
1999041318
1999041400
1999041406
1999041412
1999041418
1999041500
1999041506
1999041512
1999041518
1999041600
1999041606
1999041612
1999041618
1999041700
1999041706
1999041712
1999041718
1999041800
1999041806
1999041812
1999041818
1999041900
1999041906
1999041912
1999041918
1999042000
1999042006
1999042012
1999042018
1999042100
1999042106
1999042112
1999042118
1999042200
1999042206
1999042212
1999042218
1999042300
1999042306
1999042312
1999042318
1999042400
1999042406
1999042412
1999042418
1999042500
1999042512
1999042518
1999042600
1999042606
1999042612
1999042618
1999042700
1999042706
1999042712
1999042718
1999042800
1999042806
1999042812
1999042818
1999042900
1999042906
1999042912
1999042918
1999043000
1999043006
1999043012
1999043018
1999050100
1999050106
1999050112
1999050118
1999050200
1999050206
1999050212
1999050218
1999050300
1999050306
1999050312
1999050318
1999050400
1999050406
1999050412
1999050418
1999050500
1999050506
1999050512
1999050518
1999050600
1999050606
1999050612
1999050618
1999050700
1999050706
1999050712
1999050718
1999050800
1999050806
1999050812
1999050818
1999050900
1999050906
1999050912
1999050918
1999051000
1999051006
1999051012
1999051018
1999051100
1999051106
1999051112
1999051118
1999051200
1999051206
1999051212
1999051218
1999051300
1999051306
1999051312
1999051318
1999051400
1999051406
1999051412
1999051418
1999051500
1999051506
1999051512
1999051518
1999051600
1999051606
1999051612
1999051618
1999051700
1999051706
1999051712
1999051718
1999051800
1999051806
1999051812
1999051818
1999051900
1999051906
1999051912
1999051918
1999052000
1999052006
1999052012
1999052018
1999052100
1999052106
1999052112
1999052118
1999052200
1999052206
1999052212
1999052218
1999052300
