2007070100
2007070106
2007070112
2007070118
2007070200
2007070206
2007070212
2007070218
2007070300
2007070306
2007070312
2007070318
2007070400
2007070406
2007070412
2007070418
2007070500
2007070506
2007070512
2007070518
2007070600
2007070606
2007070612
2007070618
2007070700
2007070706
2007070712
2007070718
2007070800
2007070806
2007070812
2007070818
2007070900
2007070906
2007070912
2007070918
2007071000
2007071006
2007071012
2007071018
2007071100
2007071106
2007071112
2007071118
2007071200
2007071206
2007071212
2007071218
2007071300
2007071306
2007071312
2007071318
2007071400
2007071406
2007071412
2007071418
2007071500
2007071506
2007071512
2007071518
2007071600
2007071606
2007071612
2007071618
2007071700
2007071706
2007071712
2007071718
2007071800
2007071806
2007071812
2007071818
2007071900
2007071906
2007071912
2007071918
2007072000
2007072006
2007072012
2007072018
2007072100
2007072106
2007072112
2007072118
2007072200
2007072206
2007072212
2007072218
2007072300
2007072306
2007072312
2007072318
2007072400
2007072406
2007072412
2007072418
2007072500
2007072506
2007072512
2007072518
2007072600
2007072606
2007072612
2007072618
2007072700
2007072706
2007072712
2007072718
2007072800
2007072806
2007072812
2007072818
2007072900
2007072906
2007072912
2007072918
2007073000
2007073006
2007073012
2007073018
2007073100
2007073106
2007073112
2007073118
2007080100
2007080106
2007080112
2007080118
2007080200
2007080206
2007080212
2007080218
2007080300
2007080306
2007080312
2007080318
2007080400
2007080406
2007080412
2007080418
2007080500
2007080506
2007080512
2007080518
2007080600
2007080606
2007080612
2007080618
2007080700
2007080706
2007080712
2007080718
2007080800
2007080806
2007080812
2007080818
2007080900
2007080906
2007080912
2007080918
2007081000
2007081006
2007081012
2007081018
2007081100
2007081106
2007081112
2007081118
2007081200
2007081206
2007081212
2007081218
2007081300
2007081306
2007081312
2007081318
2007081400
2007081406
2007081412
2007081418
2007081500
2007081506
2007081512
2007081518
2007081600
2007081606
2007081612
2007081618
2007081700
2007081706
2007081712
2007081718
2007081800
2007081806
2007081812
2007081818
2007081900
2007081906
2007081912
2007081918
2007082000
2007082006
2007082012
2007082018
2007082100
2007082106
2007082112
2007082118
2007082200
2007082206
2007082212
2007082218
2007082300
2007082306
2007082312
2007082318
2007082400
2007082406
2007082412
2007082418
2007082500
2007082506
2007082512
2007082518
2007082600
2007082606
2007082612
2007082618
2007082700
2007082706
2007082712
2007082718
2007082800
2007082806
2007082812
2007082818
2007082900
2007082906
2007082912
2007082918
2007083000
2007083006
2007083012
2007083018
2007083100
2007083106
2007083112
2007083118
2007090100
2007090106
2007090112
2007090118
2007090200
2007090206
2007090212
2007090218
2007090300
2007090306
2007090312
2007090318
2007090400
2007090406
2007090412
2007090418
2007090500
2007090506
2007090512
2007090518
2007090600
2007090606
2007090612
2007090618
2007090700
2007090706
2007090712
2007090718
2007090800
2007090806
2007090812
2007090818
2007090900
2007090906
2007090912
2007090918
2007091000
2007091006
2007091012
2007091018
2007091100
2007091106
2007091112
2007091118
2007091200
2007091206
2007091212
2007091218
2007091300
2007091306
2007091312
2007091318
2007091400
2007091406
2007091412
2007091418
2007091500
2007091506
2007091512
2007091518
2007091600
2007091606
2007091612
2007091618
2007091700
2007091706
2007091712
2007091718
2007091800
2007091806
2007091812
2007091818
2007091900
2007091906
2007091912
2007091918
2007092000
2007092006
2007092012
2007092018
2007092100
2007092106
2007092112
2007092118
2007092200
2007092206
2007092212
2007092218
2007092300
2007092306
2007092312
2007092318
2007092400
2007092406
2007092412
2007092418
2007092500
2007092506
2007092512
2007092518
2007092600
2007092606
2007092612
2007092618
2007092700
2007092706
2007092712
2007092718
2007092800
2007092806
2007092812
2007092818
2007092900
2007092906
2007092912
2007092918
2007093000
2007093006
2007093012
2007093018
2007100100
2007100106
2007100112
2007100118
2007100200
2007100206
2007100212
2007100218
2007100300
2007100306
2007100312
2007100318
2007100400
2007100406
2007100412
2007100418
2007100500
2007100506
2007100512
2007100518
2007100600
2007100606
2007100612
2007100618
2007100700
2007100706
2007100712
2007100718
2007100800
2007100806
2007100812
2007100818
2007100900
2007100906
2007100912
2007100918
2007101000
2007101006
2007101012
2007101018
2007101100
2007101106
2007101112
2007101118
2007101200
2007101206
2007101212
2007101218
2007101300
2007101306
2007101312
2007101318
2007101400
2007101406
2007101412
2007101418
2007101500
2007101506
2007101512
2007101518
2007101600
2007101606
2007101612
2007101618
2007101700
2007101706
2007101712
2007101718
2007101800
2007101806
2007101812
2007101818
2007101900
2007101906
2007101912
2007101918
2007102000
2007102006
2007102012
2007102018
2007102100
2007102106
2007102112
2007102118
2007102200
2007102206
2007102212
2007102218
2007102300
2007102306
2007102312
2007102318
2007102400
2007102406
2007102412
2007102418
2007102500
2007102506
2007102512
2007102518
2007102600
2007102606
2007102612
2007102618
2007102700
2007102706
2007102712
2007102718
2007102800
2007102806
2007102812
2007102818
2007102900
2007102906
2007102912
2007102918
2007103000
2007103006
2007103012
2007103018
2007103100
2007103106
2007103112
2007103118
2007110100
2007110106
2007110112
2007110118
2007110200
2007110206
2007110212
2007110218
2007110300
2007110306
2007110312
2007110318
2007110400
2007110406
2007110412
2007110418
2007110500
2007110506
2007110512
2007110518
2007110600
2007110606
2007110612
2007110618
2007110700
2007110706
2007110712
2007110718
2007110800
2007110806
2007110812
2007110818
2007110900
2007110906
2007110912
2007110918
2007111000
2007111006
2007111012
2007111018
2007111100
2007111106
2007111112
2007111118
2007111200
2007111206
2007111212
2007111218
2007111300
2007111306
2007111312
2007111318
2007111400
2007111406
2007111412
2007111418
2007111500
2007111506
2007111512
2007111518
2007111600
2007111606
2007111612
2007111618
2007111700
2007111706
2007111712
2007111718
2007111800
2007111806
2007111812
2007111818
2007111900
2007111906
2007111912
2007111918
2007112000
2007112006
2007112012
2007112018
2007112100
2007112106
2007112112
2007112118
2007112200
2007112206
2007112212
2007112218
2007112300
2007112306
2007112312
2007112318
2007112400
2007112406
2007112412
2007112418
2007112500
2007112506
2007112512
2007112518
2007112600
2007112606
2007112612
2007112618
2007112700
2007112706
2007112712
2007112718
2007112800
2007112806
2007112812
2007112818
2007112900
2007112906
2007112912
2007112918
2007113000
2007113006
2007113012
2007113018
2007120100
2007120106
2007120112
2007120118
2007120200
2007120206
2007120212
2007120218
2007120300
2007120306
2007120312
2007120318
2007120400
2007120406
2007120412
2007120418
2007120500
2007120506
2007120512
2007120518
2007120600
2007120606
2007120612
2007120618
2007120700
2007120706
2007120712
2007120718
2007120800
2007120806
2007120812
2007120818
2007120900
2007120906
2007120912
2007120918
2007121000
2007121006
2007121012
2007121018
2007121100
2007121106
2007121112
2007121118
