2003030500
2003030506
2003070100
2003070106
2003070112
2003070118
2003070200
2003070206
2003070212
2003070218
2003070300
2003070306
2003070312
2003070318
2003070400
2003070406
2003070412
2003070418
2003070500
2003070506
2003070512
2003070518
2003070600
2003070606
2003070612
2003070618
2003070700
2003070706
2003070712
2003070718
2003070800
2003070806
2003070812
2003070818
2003070900
2003070906
2003070912
2003070918
2003071000
2003071006
2003071012
2003071018
2003071100
2003071106
2003071112
2003071118
2003071200
2003071206
2003071212
2003071218
2003071300
2003071306
2003071312
2003071318
2003071400
2003071406
2003071412
2003071418
2003071500
2003071506
2003071512
2003071518
2003071600
2003071606
2003071612
2003071618
2003071700
2003071706
2003071712
2003071718
2003071800
2003071806
2003071812
2003071818
2003071900
2003071906
2003071912
2003071918
2003072000
2003072006
2003072012
2003072018
2003072100
2003072106
2003072112
2003072118
2003072200
2003072206
2003072212
2003072218
2003072300
2003072306
2003072312
2003072318
2003072400
2003072406
2003072412
2003072418
2003072500
2003072506
2003072512
2003072518
2003072600
2003072606
2003072612
2003072618
2003072700
2003072706
2003072712
2003072718
2003072800
2003072806
2003072812
2003072818
2003072900
2003072906
2003072912
2003072918
2003073000
2003073006
2003073012
2003073018
2003073100
2003073106
2003073112
2003073118
2003080100
2003080106
2003080112
2003080118
2003080200
2003080206
2003080212
2003080218
2003080300
2003080306
2003080312
2003080318
2003080400
2003080406
2003080412
2003080418
2003080500
2003080506
2003080512
2003080518
2003080600
2003080606
2003080612
2003080618
2003080700
2003080706
2003080712
2003080718
2003080800
2003080806
2003080812
2003080818
2003080900
2003080906
2003080912
2003080918
2003081000
2003081006
2003081012
2003081018
2003081100
2003081106
2003081112
2003081118
2003081200
2003081206
2003081212
2003081218
2003081300
2003081306
2003081312
2003081318
2003081400
2003081406
2003081412
2003081418
2003081500
2003081506
2003081512
2003081518
2003081600
2003081606
2003081612
2003081618
2003081700
2003081706
2003081712
2003081718
2003081800
2003081806
2003081812
2003081818
2003081900
2003081906
2003081912
2003081918
2003082000
2003082006
2003082012
2003082018
2003082100
2003082106
2003082112
2003082118
2003082200
2003082206
2003082212
2003082218
2003082300
2003082306
2003082312
2003082318
2003082400
2003082406
2003082412
2003082418
2003082500
2003082506
2003082512
2003082518
2003082600
2003082606
2003082612
2003082618
2003082700
2003082706
2003082712
2003082718
2003082800
2003082806
2003082812
2003082818
2003082900
2003082906
2003082912
2003082918
2003083000
2003083006
2003083012
2003083018
2003083100
2003083106
2003083112
2003083118
2003090100
2003090106
2003090112
2003090118
2003090200
2003090206
2003090212
2003090218
2003090300
2003090306
2003090312
2003090318
2003090400
2003090406
2003090412
2003090418
2003090500
2003090506
2003090512
2003090518
2003090600
2003090606
2003090612
2003090618
2003090700
2003090706
2003090712
2003090718
2003090800
2003090806
2003090812
2003090818
2003090900
2003090906
2003090912
2003090918
2003091000
2003091006
2003091012
2003091018
2003091100
2003091106
2003091112
2003091118
2003091200
2003091206
2003091212
2003091218
2003091300
2003091306
2003091312
2003091318
2003091400
2003091406
2003091412
2003091418
2003091500
2003091506
2003091512
2003091518
2003091600
2003091606
2003091612
2003091618
2003091700
2003091706
2003091712
2003091718
2003091800
2003091806
2003091812
2003091818
2003091900
2003091906
2003091912
2003091918
2003092000
2003092006
2003092012
2003092018
2003092100
2003092106
2003092112
2003092118
2003092200
2003092206
2003092212
2003092218
2003092300
2003092306
2003092312
2003092318
2003092400
2003092406
2003092412
2003092418
2003092500
2003092506
2003092512
2003092518
2003092600
2003092606
2003092612
2003092618
2003092700
2003092706
2003092712
2003092718
2003092800
2003092806
2003092812
2003092818
2003092900
2003092906
2003092912
2003092918
2003093000
2003093006
2003093012
2003093018
2003100100
2003100106
2003100112
2003100118
2003100200
2003100206
2003100212
2003100218
2003100300
2003100306
2003100312
2003100318
2003100400
2003100406
2003100412
2003100418
2003100500
2003100506
2003100512
2003100518
2003100600
2003100606
2003100612
2003100618
2003100700
2003100706
2003100712
2003100718
2003100800
2003100806
2003100812
2003100818
2003100900
2003100906
2003100912
2003100918
2003101000
2003101006
2003101012
2003101018
2003101100
2003101106
2003101112
2003101118
2003101200
2003101206
2003101212
2003101218
2003101300
2003101306
2003101312
2003101318
2003101400
2003101406
2003101412
2003101418
2003101500
2003101506
2003101512
2003101518
2003101600
2003101606
2003101612
2003101618
2003101700
2003101706
2003101712
2003101718
2003101800
2003101806
2003101812
2003101818
2003101900
2003101906
2003101912
2003101918
2003102000
2003102006
2003102012
2003102018
2003102100
2003102106
2003102112
2003102118
2003102200
2003102206
2003102212
2003102218
2003102300
2003102306
2003102312
2003102318
2003102400
2003102406
2003102412
2003102418
2003102500
2003102506
2003102512
2003102518
2003102600
2003102606
2003102612
2003102618
2003102700
2003102706
2003102712
2003102718
2003102800
2003102806
2003102812
2003102818
2003102900
2003102906
2003102912
2003102918
2003103000
2003103006
2003103012
2003103018
2003103100
2003103106
2003103112
2003103118
2003110100
2003110106
2003110112
2003110118
2003110200
2003110206
2003110212
2003110218
2003110300
2003110306
2003110312
2003110318
2003110400
2003110406
2003110412
2003110418
2003110500
2003110506
2003110512
2003110518
2003110600
2003110606
2003110612
2003110618
2003110700
2003110706
2003110712
2003110718
2003110800
2003110806
2003110812
2003110818
2003110900
2003110906
2003110912
2003110918
2003111000
2003111006
2003111012
2003111018
2003111100
2003111106
2003111112
2003111118
2003111200
2003111206
2003111212
2003111218
2003111300
2003111306
2003111312
2003111318
2003111400
2003111406
2003111412
2003111418
2003111500
2003111506
2003111512
2003111518
2003111600
2003111606
2003111612
2003111618
2003111700
2003111706
2003111712
2003111718
2003111800
2003111806
2003111812
2003111818
2003111900
2003111906
2003111912
2003111918
2003112000
2003112006
2003112012
2003112018
2003112100
2003112106
2003112112
2003112118
2003112200
2003112206
2003112212
2003112218
2003112300
2003112306
2003112312
2003112318
2003112400
2003112406
2003112412
2003112418
2003112500
2003112506
2003112512
2003112518
2003112600
2003112606
2003112612
2003112618
2003112700
2003112706
2003112712
2003112718
2003112800
2003112806
2003112812
2003112818
2003112900
2003112906
2003112912
2003112918
2003113000
2003113006
2003113012
2003113018
2003120100
2003120106
