2014123106
2014123112
2014123118
2015010100
2015010106
2015010112
2015010118
2015010200
2015010206
2015010212
2015010218
2015010300
2015010306
2015010312
2015010318
2015010400
2015010406
2015010412
2015010418
2015010500
2015010506
2015010512
2015010518
2015010600
2015010606
2015010612
2015010618
2015010700
2015010706
2015010712
2015010718
2015010800
2015010806
2015010812
2015010818
2015010900
2015010906
2015010912
2015010918
2015011000
2015011006
2015011012
2015011018
2015011100
2015011106
2015011112
2015011118
2015011200
2015011206
2015011212
2015011218
2015011300
2015011306
2015011312
2015011318
2015011400
2015011406
2015011412
2015011418
2015011500
2015011506
2015011512
2015011518
2015011600
2015011606
2015011612
2015011618
2015011700
2015011706
2015011712
2015011718
2015011800
2015011806
2015011812
2015011818
2015011900
2015011906
2015011912
2015011918
2015012000
2015012006
2015012012
2015012018
2015012100
2015012106
2015012112
2015012118
2015012200
2015012206
2015012212
2015012218
2015012300
2015012306
2015012312
2015012318
2015012400
2015012406
2015012412
2015012418
2015012500
2015012506
2015012512
2015012518
2015012600
2015012606
2015012612
2015012618
2015012700
2015012706
2015012712
2015012718
2015012800
2015012806
2015012812
2015012818
2015012900
2015012906
2015012912
2015012918
2015013000
2015013006
2015013012
2015013018
2015013100
2015013106
2015013112
2015013118
2015020100
2015020106
2015020112
2015020118
2015020200
2015020206
2015020212
2015020218
2015020300
2015020306
2015020312
2015020318
2015020400
2015020406
2015020412
2015020418
2015020500
2015020506
2015020512
2015020518
2015020600
2015020606
2015020612
2015020618
2015020700
2015020706
2015020712
2015020718
2015020800
2015020806
2015020812
2015020818
2015020900
2015020906
2015020912
2015020918
2015021000
2015021006
2015021012
2015021018
2015021100
2015021106
2015021112
2015021118
2015021200
2015021206
2015021212
2015021218
2015021300
2015021306
2015021312
2015021318
2015021400
2015021406
2015021412
2015021418
2015021500
2015021506
2015021512
2015021518
2015021600
2015021606
2015021612
2015021618
2015021700
2015021706
2015021712
2015021718
2015021800
