2010123106
2010123112
2010123118
2011010100
2011010106
2011010112
2011010118
2011010200
2011010206
2011010212
2011010218
2011010300
2011010306
2011010312
2011010318
2011010400
2011010406
2011010412
2011010418
2011010500
2011010506
2011010512
2011010518
2011010600
2011010606
2011010612
2011010618
2011010700
2011010706
2011010712
2011010718
2011010800
2011010806
2011010812
2011010818
2011010900
2011010906
2011010912
2011010918
2011011000
2011011006
2011011012
2011011018
2011011100
2011011106
2011011112
2011011118
2011011200
2011011206
2011011212
2011011218
2011011300
2011011306
2011011312
2011011318
2011011400
2011011406
2011011412
2011011418
2011011500
2011011506
2011011512
2011011518
2011011600
2011011606
2011011612
2011011618
2011011700
2011011706
2011011712
2011011718
2011011800
2011011806
2011011812
2011011818
2011011900
2011011906
2011011912
2011011918
2011012000
2011012006
2011012012
2011012018
2011012100
2011012106
2011012112
2011012118
2011012200
2011012206
2011012212
2011012218
2011012300
2011012306
2011012312
2011012318
2011012400
2011012406
2011012412
2011012418
2011012500
2011012506
2011012512
2011012518
2011012600
2011012606
2011012612
2011012618
2011012700
2011012706
2011012712
2011012718
2011012800
2011012806
2011012812
2011012818
2011012900
2011012906
2011012912
2011012918
2011013000
2011013006
2011013012
2011013018
2011013100
2011013106
2011013112
2011013118
2011020100
2011020106
2011020112
2011020118
2011020200
2011020206
2011020212
2011020218
2011020300
2011020306
2011020312
2011020318
2011020400
2011020406
2011020412
2011020418
2011020500
2011020506
2011020512
2011020518
2011020600
2011020606
2011020612
2011020618
2011020700
2011020706
2011020712
2011020718
2011020800
2011020806
2011020812
2011020818
2011020900
2011020906
2011020912
2011020918
2011021000
2011021006
2011021012
2011021018
2011021100
2011021106
2011021112
2011021118
2011021200
2011021206
2011021212
2011021218
2011021300
2011021306
2011021312
2011021318
2011021400
2011021406
2011021412
2011021418
2011021500
2011021506
2011021512
2011021518
2011021600
2011021606
2011021612
2011021618
2011021700
2011021706
2011021712
2011021718
2011021800
